295	0.0041
163	0.00415
187	0.0042
342	0.00435
375	0.0051
393	0.00515
432	0.00515
320	0.00525
125	0.00585
346	0.006
124	0.00615
217	0.0062
419	0.0062
120	0.00625
317	0.00625
391	0.00635
340	0.0064
462	0.00685
229	0.00695
250	0.007
12	0.00705
243	0.00705
133	0.0071
72	0.00715
363	0.0072
311	0.00725
176	0.0073
319	0.0073
21	0.0074
388	0.0076
455	0.00765
115	0.0077
187	0.00775
441	0.0078
460	0.0078
218	0.00785
96	0.0079
342	0.00795
206	0.00805
106	0.0081
351	0.0081
401	0.00815
402	0.00815
486	0.00815
180	0.0082
214	0.00825
264	0.00825
4	0.0083
5	0.0083
64	0.0083
3	0.00835
146	0.00835
154	0.00835
338	0.00835
396	0.00835
94	0.0084
286	0.0084
393	0.0084
66	0.00845
143	0.00845
164	0.00845
368	0.00845
85	0.0085
108	0.0085
292	0.0085
339	0.0085
8	0.0086
34	0.0086
297	0.0086
471	0.0086
477	0.0086
97	0.00865
231	0.00865
241	0.00865
272	0.00865
422	0.00865
435	0.00865
228	0.0087
245	0.0087
419	0.0087
436	0.0087
192	0.00875
233	0.00875
353	0.0088
198	0.00885
204	0.00885
306	0.00885
390	0.00885
416	0.00885
427	0.00885
131	0.0089
320	0.0089
382	0.0089
75	0.00895
346	0.00895
424	0.00895
128	0.009
235	0.009
369	0.0091
299	0.00915
248	0.00935
160	0.0094
182	0.0094
217	0.0094
83	0.00945
263	0.0095
170	0.00955
374	0.0096
317	0.00965
120	0.0097
102	0.01
163	0.0101
107	0.0102
59	0.0103
211	0.01035
229	0.01045
250	0.01055
21	0.0107
375	0.0107
327	0.01075
340	0.01075
187	0.0109
343	0.01095
388	0.011
475	0.0111
342	0.01115
481	0.01115
365	0.0112
462	0.0112
96	0.01125
363	0.01125
368	0.01135
423	0.01135
419	0.0114
311	0.0116
4	0.01175
3	0.0118
146	0.0118
154	0.0118
189	0.0118
203	0.0118
254	0.0118
267	0.0118
318	0.0118
344	0.0118
385	0.0118
396	0.0118
434	0.0118
457	0.0118
133	0.01185
143	0.01185
164	0.01185
285	0.0119
471	0.0119
264	0.01195
214	0.012
329	0.012
23	0.01205
145	0.01205
306	0.01205
362	0.01205
249	0.0121
433	0.0121
2	0.01215
241	0.01215
346	0.01215
64	0.0122
316	0.0122
140	0.01225
94	0.0123
176	0.0123
209	0.0123
302	0.0123
313	0.0123
218	0.0126
88	0.0127
277	0.01275
401	0.01275
402	0.01275
5	0.0128
116	0.0128
119	0.0128
319	0.0128
418	0.0128
455	0.0128
75	0.01285
120	0.01285
389	0.01285
230	0.013
93	0.01305
223	0.01305
27	0.0131
160	0.0132
21	0.01325
29	0.01335
413	0.01335
7	0.01345
170	0.0135
243	0.0139
226	0.01395
56	0.014
187	0.01405
374	0.01405
41	0.0142
419	0.01425
126	0.01445
368	0.01445
18	0.01455
256	0.0146
24	0.01465
152	0.01465
484	0.01465
12	0.01475
472	0.01475
295	0.0148
217	0.0149
351	0.0149
462	0.01495
221	0.015
410	0.015
424	0.01505
271	0.0151
396	0.0151
49	0.01515
127	0.01515
189	0.0152
357	0.0152
385	0.0152
54	0.01525
77	0.01525
107	0.01525
342	0.01525
485	0.01525
437	0.0153
457	0.01535
229	0.01545
371	0.0155
475	0.0155
60	0.01555
344	0.01555
98	0.0156
146	0.01565
456	0.01565
120	0.01575
282	0.01575
309	0.0158
211	0.01585
365	0.01585
139	0.0159
272	0.0159
333	0.0159
164	0.01595
178	0.01595
388	0.01595
64	0.016
52	0.01605
89	0.01605
93	0.01605
249	0.01605
433	0.01605
143	0.0161
318	0.0161
281	0.01615
5	0.0162
17	0.0162
96	0.01625
138	0.01625
234	0.01625
429	0.01625
442	0.01625
45	0.0163
85	0.0163
117	0.0163
276	0.0163
339	0.0163
346	0.0163
184	0.01635
306	0.01635
320	0.01635
329	0.01635
88	0.0164
192	0.0164
227	0.0164
106	0.01645
79	0.0165
203	0.0165
277	0.0165
352	0.0165
454	0.0165
151	0.01655
222	0.01655
261	0.0166
397	0.0166
481	0.0166
144	0.01665
337	0.01665
47	0.0167
170	0.01675
418	0.01675
423	0.01675
206	0.01685
340	0.01685
363	0.01685
411	0.01685
33	0.0169
104	0.0169
95	0.01695
118	0.01695
307	0.01695
366	0.01695
375	0.01705
402	0.01705
21	0.0171
316	0.01715
427	0.0172
58	0.01725
332	0.01725
373	0.01725
74	0.0173
124	0.0174
160	0.0174
419	0.0174
26	0.01745
394	0.01745
432	0.0175
368	0.01755
7	0.01765
297	0.0177
152	0.01775
191	0.01775
447	0.01775
102	0.0178
187	0.0179
317	0.0179
41	0.018
389	0.018
314	0.01805
158	0.0181
335	0.0181
449	0.01815
217	0.0182
24	0.01825
174	0.01825
475	0.01825
18	0.01845
48	0.01845
286	0.01845
312	0.01845
344	0.01845
424	0.01845
393	0.0185
480	0.0185
396	0.01855
469	0.01855
77	0.0186
351	0.0186
486	0.0186
3	0.0187
75	0.0187
342	0.0187
241	0.01875
267	0.01875
272	0.01875
109	0.0188
202	0.0188
457	0.0188
485	0.01885
12	0.0189
110	0.0189
120	0.0189
453	0.0189
73	0.01905
139	0.01905
398	0.01905
209	0.0191
357	0.0191
243	0.01915
54	0.0192
281	0.0192
371	0.0192
93	0.01925
422	0.01925
294	0.0193
302	0.0193
376	0.0193
117	0.0194
154	0.0194
320	0.0194
391	0.0194
456	0.0194
167	0.01945
263	0.01945
49	0.0195
214	0.0195
211	0.01955
25	0.01965
145	0.0197
22	0.01975
44	0.01975
55	0.01975
164	0.01975
462	0.0198
88	0.01985
138	0.01985
196	0.01985
264	0.01985
383	0.01985
17	0.0199
83	0.0199
132	0.0199
374	0.0199
89	0.01995
337	0.02
346	0.02
144	0.02005
265	0.0201
20	0.02015
285	0.02015
309	0.02015
405	0.0202
478	0.0202
21	0.02025
397	0.02025
390	0.0203
221	0.02035
437	0.02035
85	0.0204
339	0.0204
249	0.02045
253	0.02045
433	0.02045
26	0.0205
200	0.02055
127	0.0206
256	0.02065
47	0.0207
126	0.0207
373	0.0207
428	0.0207
365	0.02075
201	0.0208
484	0.02095
41	0.021
191	0.02105
160	0.0211
163	0.0211
386	0.0211
60	0.02115
216	0.02115
217	0.02115
301	0.0212
313	0.0212
419	0.0212
24	0.02125
64	0.02125
79	0.02125
108	0.0213
149	0.0213
50	0.02135
96	0.0214
394	0.0214
157	0.02145
205	0.02145
275	0.02145
314	0.02145
32	0.0215
177	0.02155
176	0.0216
336	0.0216
410	0.0216
319	0.02165
355	0.02165
102	0.0217
104	0.0217
326	0.0217
368	0.0217
67	0.02175
147	0.02175
187	0.02175
353	0.02175
286	0.0218
342	0.0218
454	0.0218
412	0.02185
439	0.02185
31	0.0219
18	0.02195
118	0.02195
5	0.022
432	0.02205
447	0.02205
479	0.02205
282	0.0221
424	0.0221
240	0.02215
469	0.02215
429	0.0222
475	0.0222
143	0.02225
273	0.02225
98	0.0223
396	0.0223
77	0.02235
169	0.02235
244	0.02235
254	0.02235
271	0.02235
393	0.02235
170	0.0224
186	0.0224
297	0.0224
320	0.0224
357	0.0224
364	0.0224
45	0.02245
93	0.02245
333	0.02245
343	0.02245
140	0.0225
444	0.0225
155	0.02255
302	0.02255
241	0.0226
263	0.0226
338	0.0226
465	0.0226
121	0.02265
178	0.02265
276	0.02265
331	0.02265
389	0.02265
188	0.0227
42	0.02275
128	0.02275
210	0.02275
257	0.02275
411	0.02275
165	0.0228
184	0.0228
220	0.0228
416	0.0228
20	0.02285
158	0.02285
426	0.02285
441	0.02285
327	0.0229
405	0.0229
17	0.02295
73	0.02295
164	0.02295
384	0.02295
120	0.023
133	0.023
196	0.023
202	0.023
138	0.02305
145	0.02305
281	0.02305
209	0.0231
235	0.0231
460	0.0231
46	0.02315
62	0.02315
83	0.0232
215	0.0232
272	0.0232
436	0.0232
480	0.0232
151	0.02325
231	0.02325
348	0.02325
391	0.02325
471	0.02325
135	0.0233
466	0.0233
15	0.02335
214	0.02335
344	0.02335
456	0.0234
457	0.0234
142	0.02345
179	0.02345
478	0.02345
377	0.0235
53	0.02355
3	0.0236
198	0.0236
306	0.0236
346	0.0236
89	0.02365
27	0.0237
236	0.0237
337	0.0237
312	0.02375
339	0.02375
122	0.0238
415	0.0238
125	0.02385
265	0.02385
329	0.02385
41	0.02395
132	0.02395
317	0.02395
404	0.02395
95	0.0241
253	0.0241
453	0.0241
22	0.02415
64	0.02415
249	0.02415
294	0.02415
371	0.02415
433	0.02415
26	0.0242
117	0.0242
413	0.0242
59	0.02425
217	0.0243
309	0.0243
137	0.02435
406	0.02435
200	0.0244
92	0.02445
365	0.02445
85	0.0245
286	0.02455
79	0.0247
285	0.0247
299	0.0247
390	0.0247
308	0.02475
326	0.02475
289	0.0248
47	0.02485
163	0.02485
484	0.02485
230	0.0249
342	0.0249
452	0.0249
160	0.02495
298	0.02495
131	0.025
268	0.025
99	0.02505
264	0.0251
469	0.02515
353	0.02525
107	0.0253
205	0.0253
248	0.0253
330	0.0253
8	0.02535
43	0.02535
270	0.02535
481	0.02535
155	0.0254
226	0.0254
256	0.0254
465	0.02545
56	0.0255
400	0.0255
358	0.02565
368	0.02565
297	0.0257
84	0.02575
254	0.0258
237	0.02585
423	0.02585
475	0.02585
176	0.0259
31	0.02595
165	0.02595
242	0.02595
375	0.02595
266	0.026
379	0.0261
128	0.02615
405	0.02615
104	0.02625
263	0.02625
410	0.02625
24	0.0263
288	0.0263
336	0.0263
438	0.0263
54	0.02635
202	0.02635
325	0.02635
83	0.0264
112	0.0264
158	0.0264
211	0.0264
432	0.0264
93	0.02645
126	0.02645
231	0.0265
439	0.02655
244	0.0266
281	0.0266
386	0.0266
209	0.02665
62	0.0267
147	0.0267
448	0.0267
412	0.02675
18	0.0268
314	0.0268
320	0.0268
42	0.02685
479	0.02685
480	0.02685
41	0.0269
89	0.0269
113	0.0269
199	0.0269
301	0.0269
384	0.0269
343	0.02695
120	0.027
261	0.027
271	0.027
440	0.027
346	0.0271
258	0.02715
317	0.02715
20	0.0272
60	0.0272
433	0.02725
64	0.0273
174	0.0273
210	0.0273
3	0.02735
394	0.0274
217	0.02745
157	0.02755
169	0.0276
223	0.0276
355	0.0276
377	0.0276
319	0.02765
389	0.02765
10	0.0277
51	0.0277
473	0.0277
286	0.02775
383	0.02775
398	0.02775
468	0.02775
7	0.0278
118	0.0278
135	0.0278
201	0.02785
5	0.0279
132	0.0279
350	0.0279
427	0.0279
148	0.02795
300	0.02795
308	0.02795
436	0.02795
159	0.028
275	0.028
163	0.02805
342	0.02805
47	0.0281
175	0.0281
278	0.0281
339	0.0281
122	0.02815
230	0.02815
353	0.02815
478	0.02815
486	0.02815
221	0.0282
269	0.0282
106	0.02825
344	0.02825
445	0.02825
469	0.02825
85	0.0283
152	0.0283
335	0.0283
362	0.0283
481	0.0283
371	0.02835
26	0.0284
73	0.0284
273	0.0284
311	0.0284
338	0.0284
407	0.0284
160	0.02845
177	0.02845
191	0.02845
392	0.02845
102	0.0285
127	0.0285
139	0.0285
484	0.0285
302	0.02855
351	0.02855
96	0.0286
164	0.0286
212	0.0286
466	0.0286
17	0.02865
155	0.02865
233	0.02865
243	0.02865
97	0.0287
67	0.02875
91	0.02875
170	0.02875
196	0.02875
220	0.02875
315	0.02875
190	0.0288
216	0.0288
268	0.0288
326	0.0288
330	0.0288
390	0.0288
98	0.02885
404	0.02885
149	0.0289
205	0.0289
215	0.0289
92	0.02895
206	0.02895
8	0.029
198	0.029
310	0.029
313	0.02905
428	0.02905
105	0.0291
200	0.0291
256	0.0291
337	0.0291
418	0.02915
444	0.02915
13	0.0292
131	0.0292
253	0.0292
405	0.0292
359	0.02925
452	0.02925
456	0.02925
56	0.0293
265	0.0293
12	0.02935
108	0.02935
79	0.0294
218	0.0294
297	0.0294
128	0.02945
24	0.0295
57	0.02955
114	0.02955
419	0.02955
336	0.0296
349	0.0296
397	0.0296
187	0.02965
299	0.02965
365	0.02975
376	0.0298
242	0.0299
439	0.0299
461	0.0299
229	0.03
423	0.03
